    1, 20 ,90,
     3,  3,  3,  3,  3,  3,  3,  3,  3,  3,  3,  3,  3,  3,  3,  3,  3,  3,  3,  3,
     0,  0,  0,  0,  0,  0,  0,  0,  0,  0,  0,  0,  0,  0,  0,  0,  0,  0,  0,  0,
    44, 44, 44, 44, 44, 44, 44, 44, 44, 44, 44, 44, 44, 44, 44, 44, 44, 44, 44, 44,
    44, 44, 44, 44, 44, 44, 44, 44, 44, 44, 44, 44, 44, 44, 44, 44, 44, 44, 44, 44,
    44, 44, 44, 44, 44, 44, 44, 44, 44, 44, 44, 44, 44, 44, 44, 44, 44, 44, 44, 44,
    44, 44, 44, 44, 44, 44, 44, 44, 44, 44, 44, 44, 44, 44, 44, 44, 44, 44, 44, 44,
    44, 44, 44, 44, 44, 44, 44, 44, 44, 44, 44, 44, 44, 44, 44, 44, 44, 44, 44, 44,
    44, 44, 51, 51, 51, 44, 44, 44, 44, 44, 44, 44, 44, 44, 44, 44, 44, 44, 44, 44,
    44, 44, 44, 44, 44, 44, 44, 44, 44, 44, 44, 44, 44, 44, 44, 44, 44, 44, 44, 44,
    44, 44, 44, 51, 44, 44, 44, 44, 44, 44, 44, 44, 44, 44, 44, 44, 44, 44, 44, 44,
    44, 44, 51, 51, 51, 51, 44, 44, 44, 44, 44, 44, 44, 44, 44, 44, 44, 44, 44, 44,
    44, 44, 44, 44, 44, 44, 44, 44, 44, 44, 44, 44, 44, 44, 44, 44, 44, 44, 44, 44,
    44, 44, 44, 44, 44, 44, 44, 44, 44, 44, 44, 44, 44, 44, 44, 44, 44, 44, 44, 44,
    44, 44, 44, 44, 44, 44, 44, 44, 44, 44, 44, 44, 44, 44, 44, 44, 44, 44, 44, 44,
    
    44, 44, 44, 44, 44, 44, 44, 44, 44, 44, 44, 44, 44, 44, 44, 44, 44, 44, 44, 44,
    44, 44, 44, 44, 44, 44, 44, 44, 44, 44, 44, 44, 44, 44, 44, 44, 44, 44, 44, 44,
    44, 44, 44, 44, 44, 44, 44, 44, 51, 44, 44, 44, 44, 44, 44, 44, 44, 44, 44, 44,
    44, 44, 44, 44, 44, 44, 44, 44, 44, 44, 44, 44, 44, 44, 44, 44, 44, 44, 44, 44,
    44, 44, 44, 44, 44, 51, 44, 51, 44, 44, 44, 44, 51, 51, 51, 44, 44, 44, 44, 44,
    44, 44, 44, 44, 44, 44, 44, 44, 44, 44, 44, 44, 44, 44, 44, 44, 44, 44, 44, 44,
    44, 44, 44, 44, 44, 44, 44, 44, 44, 44, 44, 44, 44, 44, 44, 44, 44, 44, 44, 44,
    44, 44, 44, 44, 44, 44, 44, 44, 44, 44, 44, 44, 44, 44, 44, 44, 44, 44, 44, 44,
    44, 44, 44, 44, 44, 44, 44, 44, 44, 44, 44, 44, 44, 44, 44, 44, 44, 44, 44, 44,
    44, 44, 44, 51, 51, 51, 44, 44, 44, 44, 44, 44, 44, 44, 44, 44, 44, 44, 44, 44,
    44, 44, 44, 51, 51, 51, 44, 44, 44, 44, 44, 44, 44, 44, 44, 44, 44, 44, 44, 44,
    44, 44, 44, 44, 51, 51, 51, 44, 44, 44, 44, 44, 51, 51, 51, 44, 44, 44, 44, 44,
    44, 44, 44, 44, 44, 51, 51, 44, 44, 44, 44, 44, 44, 44, 44, 44, 44, 44, 44, 44,
    44, 44, 44, 44, 44, 44, 44, 44, 44, 44, 44, 44, 44, 51, 51, 44, 44, 44, 44, 44,
    44, 44, 44, 44, 44, 44, 44, 44, 44, 44, 44, 44, 44, 44, 44, 44, 44, 44, 44, 44,
    
    44, 44, 44, 44, 44, 44, 44, 44, 44, 44, 44, 44, 44, 44, 44, 44, 44, 44, 44, 44,
    44, 44, 44, 44, 44, 44, 44, 44, 44, 44, 44, 44, 44, 44, 44, 44, 44, 44, 44, 44,
    44, 44, 44, 44, 44, 44, 44, 44, 44, 44, 44, 44, 44, 44, 44, 44, 44, 44, 44, 44,
    44, 44, 44, 44, 44, 44, 44, 44, 44, 44, 44, 44, 44, 44, 44, 44, 44, 44, 44, 44,
    44, 44, 44, 44, 44, 44, 44, 44, 44, 44, 44, 44, 44,  3,  3,  3,  3, 44, 44, 44,
    44, 44, 44, 44, 44, 44, 44, 44, 44, 44, 44, 50,  3, 29,  1, 28,  3, 49, 44, 44,
    44, 44, 44, 44, 44, 44, 44, 44, 44, 44, 44,  3,  3,  1,  1,  1,  3,  3, 44, 44,
    44, 44, 44, 44, 44, 44, 44, 44, 44, 44, 44,  3,  3,  1,  1,  1,  3,  3, 44, 44,
    44, 44, 44, 44, 44, 44, 44, 44, 44, 44, 44,  3,  3, 30,  1, 31,  3,  3, 44, 44,
    44, 44, 44, 44, 44, 44, 44, 44, 44, 44, 44, 47,  3,  3,  3,  3,  3, 48, 44, 44,
    44, 44, 44, 44, 44, 44, 44, 44, 44, 44, 44, 44, 44, 44, 44, 44, 44, 44, 44, 44,
    44, 44, 44, 44, 44, 44, 44, 44, 44, 44, 44, 44, 44, 44, 44, 44, 44, 44, 44, 44,
    44, 44, 44, 44, 44, 44, 44, 44, 44, 44, 44, 44, 44, 44, 44, 44, 44, 44, 44, 44,
    44, 44, 44, 44, 44, 44, 44, 44, 44, 44, 44, 44, 44, 44, 44, 44, 44, 44, 44, 44,
    44, 44, 44, 44, 44, 44, 44, 44, 44, 44, 44, 44, 44, 44, 44, 44, 44, 44, 44, 44,
    
    44, 44, 44, 44, 44, 44, 44, 44, 44, 44, 44, 44, 44, 44, 44, 44, 44, 44, 44, 44,
    44, 44, 44, 44, 44, 44, 44, 44, 44, 44, 44, 44, 44, 44, 44, 44, 44, 44, 44, 44,
    44, 44, 44, 44, 44, 44, 44, 44, 44, 44, 44, 44, 44, 44, 44, 44, 44, 44, 44, 44,
    44, 44, 44, 44, 44, 44, 44, 44, 44, 44, 44, 44, 44, 44, 44, 44, 44, 44, 44, 44,
    44, 44, 44, 44, 44, 44, 44, 44, 44, 44, 44, 44, 44, 44, 44, 44, 44, 44, 44, 44,
    44, 44, 44, 44, 51, 51, 51, 51, 44, 44, 44, 44, 44, 44, 44, 44, 44, 44, 44, 44,
    44, 44, 44, 44, 44, 44, 44, 44, 51, 51, 51, 51, 44, 44, 44, 44, 44, 44, 44, 44,
    44, 44, 44, 44, 44, 44, 44, 44, 44, 44, 44, 44, 44, 44, 44, 44, 44, 44, 44, 44,
    44, 44, 44, 44, 44, 44, 44, 44, 44, 44, 44, 44, 44, 44, 44, 44, 44, 44, 44, 44,
    44, 44, 44, 44, 44, 44, 44, 44, 44, 44, 44, 44, 44, 44, 44, 44, 44, 44, 44, 44,
    44, 44, 44, 44, 44, 44, 44, 44, 44, 44, 44, 44, 44, 44, 44, 44, 44, 44, 44, 44,
    44, 44, 44, 44, 51, 51, 44, 44, 44, 44, 44, 44, 44, 44, 44, 44, 44, 44, 44, 44,
    44, 44, 44, 44, 44, 51, 51, 44, 44, 44, 44, 44, 44, 44, 44, 44, 44, 44, 44, 44,
    44, 44, 44, 44, 44, 51, 51, 44, 44, 44, 44, 44, 44, 44, 44, 44, 44, 44, 44, 44,
    44, 44, 44, 44, 44, 44, 44, 44, 44, 44, 44, 44, 44, 44, 44, 44, 44, 44, 44, 44,

    44, 44, 44, 44, 44, 44, 44, 44, 44, 44, 44, 44, 44, 44, 44, 44, 44, 44, 44, 44,
    44, 44, 44, 44, 44, 44, 44, 44, 44, 44, 44, 44, 44, 44, 44, 44, 44, 44, 44, 44,
    44, 44, 44, 44, 44, 44, 44, 44, 44, 44, 44, 44, 44, 44, 44, 44, 44, 44, 44, 44,
    44, 44, 44, 44, 44, 44, 44, 44, 44, 44, 44, 44, 44, 44, 44, 44, 44, 44, 44, 44,
    44, 44, 44, 44, 44, 44, 44, 44, 44, 44, 44, 44, 44, 44, 44, 44, 44, 44, 44, 44,
    44, 44, 44, 44, 44, 44, 44, 44, 44, 44, 44, 44, 44, 44, 44, 44, 44, 44, 44, 44,
    44, 44, 44, 44, 44, 44, 44, 44, 44, 44, 44, 44, 44, 51, 51, 51, 44, 44, 44, 44,
    44, 44, 44, 44, 44, 44, 44, 44, 44, 44, 44, 44, 44, 44, 51, 51, 44, 44, 44, 44,
    44, 44, 44, 44, 44, 44, 44, 44, 44, 44, 44, 44, 44, 44, 51, 51, 44, 44, 44, 44,
    44, 44, 44, 44, 44, 44, 44, 44, 44, 44, 44, 44, 44, 44, 44, 44, 44, 44, 44, 44,
    44, 44, 44, 44, 44, 44, 44, 44, 44, 44, 44, 44, 44, 44, 44, 44, 44, 44, 44, 44,
    44, 44, 44, 44, 44, 44, 44, 44, 44, 44, 44, 44, 44, 44, 44, 44, 44, 44, 44, 44,
    44, 44, 44, 44, 44, 44, 44, 44, 44, 44, 44, 44, 44, 44, 44, 44, 44, 44, 44, 44,
    44, 44, 44, 44, 44, 44, 44, 44, 44, 44, 44, 44, 44, 44, 44, 44, 44, 44, 44, 44,
    44, 44, 44, 44, 44, 44, 44, 44, 44, 44, 44, 44, 44, 44, 44, 44, 44, 44, 44, 44,

    44, 44, 44, 44, 44, 44, 44, 44, 44, 44, 44, 44, 44, 44, 44, 44, 44, 44, 44, 44,
    44, 51, 44, 44, 44, 44, 44, 44, 44, 44, 44, 44, 44, 44, 44, 44, 44, 51, 44, 44,
    44, 44, 44, 50,  3,  3,  3,  3, 44, 44, 44, 44, 44, 44, 44, 44, 44, 44, 44, 44,
    44, 44,  3,  3, 29,  1, 28,  3, 49, 44, 44, 44, 44, 44, 44, 44, 44, 44, 44, 44,
    44, 44,  3,  3,  1,  1,  1,  3,  3, 44, 44, 44, 44, 44, 44, 44, 44, 44, 44, 44,
    44, 44, 47,  3, 30,  1, 31,  3,  3, 44, 44, 44, 44, 44, 44, 44, 44, 44, 44, 44,
    44, 44, 44,  3,  3,  3,  3,  3, 48, 44, 44, 44, 44, 44, 44, 44, 44, 44, 44, 44,
    44, 51, 44, 44, 44, 44, 44, 44, 44, 44, 44, 44, 44, 44, 51, 44, 44, 44, 44, 44,
    44, 44, 44, 44, 44, 44, 44, 44, 44, 44, 44, 44, 44, 44, 44, 44, 44, 44, 44, 44,
    44, 44, 44, 44, 44, 44, 44, 44, 44, 44, 44, 44, 44, 44, 44, 44, 44, 44, 44, 44,
    44, 44, 44, 44, 44, 51, 44, 44, 44, 44, 44, 44, 51, 44, 44, 44, 44, 44, 44, 44,
    44, 44, 44, 44, 44, 44, 44, 44, 44, 44, 44, 44, 44, 44, 44, 44, 44, 44, 44, 44,
    44, 44, 44, 44, 44, 44, 44, 44, 44, 44, 44, 44, 44, 44, 44, 44, 44, 44, 44, 44,
    44, 44, 44, 44, 44, 44, 44, 44, 44, 44, 44, 44, 44, 44, 44, 44, 44, 44, 44, 44,
    3, 44, 44, 44, 44, 3, 3, 3, 44, 44, 44, 44, 3, 3, 3, 44, 44, 44, 3, 3